-5.961696505546569824e-01
-4.352694749832153320e-02
9.807007014751434326e-02
-7.373896986246109009e-02
-5.305365324020385742e-01
4.642548859119415283e-01
-8.349096775054931641e-01
-3.900034725666046143e-01
-5.941985249519348145e-01
-6.441620588302612305e-01
7.270599007606506348e-01
-6.456763744354248047e-01
-6.266883611679077148e-01
-8.822469711303710938e-01
8.710643649101257324e-01
-5.354180335998535156e-01
-6.419913768768310547e-01
-9.781093001365661621e-01
-4.294636547565460205e-01
6.355619430541992188e-01
-7.662649750709533691e-01
5.057746544480323792e-02
-9.544593095779418945e-01
-7.959536314010620117e-01
5.898801088333129883e-01
6.993284225463867188e-01
2.803137302398681641e-01
-8.356727659702301025e-02
9.053673744201660156e-01
7.535039186477661133e-01
8.608666062355041504e-01
4.270899891853332520e-01
-4.467238485813140869e-01
-9.910339117050170898e-01
-9.659734964370727539e-01
5.385512113571166992e-01
4.813001453876495361e-01
3.754700124263763428e-01
2.266864031553268433e-01
6.768350601196289062e-01
-5.422809123992919922e-01
-8.241310119628906250e-01
-7.260390520095825195e-01
2.213703393936157227e-01
1.364846378564834595e-01
-3.514842987060546875e-01
-7.147753238677978516e-01
5.815505981445312500e-01
8.090934753417968750e-01
-4.167523086071014404e-01
-2.784865349531173706e-02
5.979795455932617188e-01
-8.720641732215881348e-01
6.190817356109619141e-01
-7.196438312530517578e-01
9.828372597694396973e-01
-8.726040124893188477e-01
-4.203000366687774658e-01
2.575141787528991699e-01
4.406615495681762695e-01
1.750856339931488037e-01
-9.079726934432983398e-01
-5.984352827072143555e-01
-5.599392652511596680e-01
-2.537921369075775146e-01
-5.721845030784606934e-01
7.184673547744750977e-01
-4.368234574794769287e-01
-6.534837484359741211e-01
1.501573175191879272e-01
-9.425165057182312012e-01
5.245463922619819641e-02
5.788315087556838989e-03
6.808242201805114746e-01
-5.622098445892333984e-01
9.850404411554336548e-02
8.149735331535339355e-01
-8.865913152694702148e-01
-9.873481988906860352e-01
-5.010991692543029785e-01
9.370113015174865723e-01
-8.269801735877990723e-01
-7.346556186676025391e-01
5.006696581840515137e-01
-7.863460779190063477e-01
-7.819761633872985840e-01
6.500879526138305664e-01
-9.606991410255432129e-01
-6.018942594528198242e-01
-1.576034724712371826e-01
-5.703090429306030273e-01
7.519991993904113770e-01
8.255774974822998047e-01
1.009695753455162048e-01
-1.200146675109863281e-01
8.253350257873535156e-01
8.163471817970275879e-01
-8.022777438163757324e-01
9.898615479469299316e-01
6.136173009872436523e-01
-3.138844072818756104e-01
8.271626234054565430e-01
9.895532131195068359e-01
3.812673091888427734e-01
8.167296648025512695e-01
-1.882097721099853516e-01
-5.036499500274658203e-01
-2.569324374198913574e-01
-4.981600046157836914e-01
-9.784546494483947754e-01
3.944265097379684448e-02
9.410612583160400391e-01
-7.648500800132751465e-01
-7.665556669235229492e-01
-1.192409172654151917e-01
2.783631980419158936e-01
8.238361477851867676e-01
-9.215423464775085449e-01
2.929387688636779785e-01
-9.374096989631652832e-01
-9.578623175621032715e-01
4.532339274883270264e-01
-9.895905256271362305e-01
-9.388819336891174316e-01
-5.407309532165527344e-01
7.206939458847045898e-01
4.483139514923095703e-01
4.173818826675415039e-01
9.635396301746368408e-02
8.914682865142822266e-01
7.952917814254760742e-01
-3.577076196670532227e-01
-8.556140065193176270e-01
-5.461223423480987549e-02
-9.894829988479614258e-01
1.170284226536750793e-01
2.953520119190216064e-01
-3.545634150505065918e-01
2.778247296810150146e-01
1.663773879408836365e-02
-9.809435009956359863e-01
-7.307248115539550781e-01
5.100099444389343262e-01
5.187041163444519043e-01
9.560894966125488281e-01
9.574186801910400391e-01
9.039042592048645020e-01
-2.051850706338882446e-01
-7.726553827524185181e-02
7.606106996536254883e-01
4.155877232551574707e-01
2.894140221178531647e-02
8.824652433395385742e-01
9.457609057426452637e-01
7.256967425346374512e-01
7.511891722679138184e-01
6.737335324287414551e-01
9.652420282363891602e-01
6.587836146354675293e-01
4.485139846801757812e-01
-9.410538077354431152e-01
8.027392625808715820e-01
9.125073552131652832e-01
8.102070093154907227e-01
2.356422841548919678e-01
-7.914313673973083496e-01
-1.564845740795135498e-01
-2.450877428054809570e-01
9.591564536094665527e-01
-3.434492349624633789e-01
-3.537190379574894905e-03
9.120039939880371094e-01
7.401740550994873047e-01
3.950036466121673584e-01
5.679024457931518555e-01
-9.823062419891357422e-01
3.739200532436370850e-01
9.742754101753234863e-01
6.395948529243469238e-01
4.257608950138092041e-01
-8.268315196037292480e-01
-9.608641266822814941e-02
3.737052902579307556e-03
9.673260450363159180e-01
-4.088922441005706787e-01
-2.068017795681953430e-02
-1.138508692383766174e-01
4.912284016609191895e-01
6.892783641815185547e-01
5.996559262275695801e-01
-4.037324786186218262e-01
-6.078675389289855957e-01
9.535152316093444824e-01
4.808373749256134033e-01
2.299862354993820190e-02
6.829894781112670898e-01
-5.233947634696960449e-01
9.579742550849914551e-01
8.517403602600097656e-01
5.907202959060668945e-01
-9.741276502609252930e-01
3.495063185691833496e-01
8.258108794689178467e-02
-9.904579520225524902e-01
-9.786725044250488281e-01
-2.977455854415893555e-01
-7.160935401916503906e-01
6.000522375106811523e-01
-5.578002929687500000e-01
1.684605628252029419e-01
-5.684494972229003906e-01
-5.824365615844726562e-01
6.372687816619873047e-01
-8.672326207160949707e-01
-5.942167043685913086e-01
9.617457389831542969e-01
-6.649470329284667969e-01
6.363130807876586914e-01
6.620028614997863770e-01
-1.680625826120376587e-01
7.005821466445922852e-01
9.710787534713745117e-01
-9.013512730598449707e-01
6.953943967819213867e-01
-7.167850732803344727e-01
-1.221822574734687805e-01
2.311174124479293823e-01
7.795628309249877930e-01
6.614269018173217773e-01
8.287756443023681641e-01
8.051257133483886719e-01
-5.705196857452392578e-01
-1.121919974684715271e-01
-1.268434673547744751e-01
-8.212056159973144531e-01
-4.390872120857238770e-01
-8.178666234016418457e-01
-7.635996937751770020e-01
9.235632419586181641e-01
-3.689748644828796387e-01
2.818833105266094208e-02
2.129022628068923950e-01
-4.534341096878051758e-01
5.013781189918518066e-01
-4.111324548721313477e-01
-5.796455144882202148e-01
5.300914645195007324e-01
-7.072663307189941406e-02
8.376669287681579590e-01
9.434086084365844727e-01
2.056176811456680298e-01
8.467228412628173828e-01
-9.899910092353820801e-01
-7.310434579849243164e-01
2.503947615623474121e-01
-6.785397529602050781e-01
