5.880820378661155701e-02
1.215722262859344482e-01
-1.617325663566589355e+00
-1.565635323524475098e+00
6.329627037048339844e-01
9.550094604492187500e-01
-1.051001906394958496e+00
-1.526991963386535645e+00
-8.273148536682128906e-01
4.027025699615478516e-01
-6.575634479522705078e-01
5.281341075897216797e-01
2.188117206096649170e-01
-8.445616960525512695e-01
-9.265155196189880371e-01
-2.127455234527587891e+00
1.914233118295669556e-01
-1.077874302864074707e+00
3.733139336109161377e-01
1.216022849082946777e+00
-2.094057798385620117e+00
1.313925147056579590e+00
1.880264729261398315e-01
-9.841987490653991699e-01
-3.894512355327606201e-01
-9.251024127006530762e-01
-2.191437244415283203e+00
-1.435541272163391113e+00
4.807240366935729980e-01
2.640310525894165039e-01
1.305078506469726562e+00
-1.559015750885009766e+00
-1.474050521850585938e+00
-1.465924143791198730e+00
-9.621023535728454590e-01
3.170392513275146484e-01
-5.531862378120422363e-01
1.123510822653770447e-01
1.729766845703125000e+00
1.091752499341964722e-01
-1.070976376533508301e+00
3.109802603721618652e-01
-1.543788313865661621e-01
3.782807588577270508e-01
-1.211601614952087402e+00
-4.529012739658355713e-01
8.946783542633056641e-01
6.353105902671813965e-01
-3.754583895206451416e-01
6.148170232772827148e-01
-1.935217529535293579e-01
1.520694732666015625e+00
1.261045455932617188e+00
-1.774443626403808594e+00
5.525325536727905273e-01
1.153054594993591309e+00
-1.380328297615051270e+00
1.054684162139892578e+00
1.656605362892150879e+00
1.599024087190628052e-01
8.690094351768493652e-01
-4.343887269496917725e-01
-5.501030087471008301e-01
2.394307851791381836e-01
4.898279309272766113e-01
1.884306669235229492e-01
-1.212374091148376465e+00
7.850142121315002441e-01
-6.475530266761779785e-01
5.719019174575805664e-01
3.246914967894554138e-02
1.145528554916381836e+00
-6.957767605781555176e-01
1.277326703071594238e+00
1.354072093963623047e+00
-2.193335145711898804e-01
-7.868102788925170898e-01
-9.745123982429504395e-01
-5.870729088783264160e-01
2.954782545566558838e-01
