8.164392113685607910e-01
7.484102249145507812e-01
-5.364767313003540039e-01
5.902396440505981445e-01
-8.577997684478759766e-01
-5.711266994476318359e-01
-5.926583409309387207e-01
8.979254961013793945e-01
-4.360102117061614990e-01
7.181091308593750000e-01
2.710455954074859619e-01
-2.600515782833099365e-01
6.926777362823486328e-01
1.764974445104598999e-01
-8.769161105155944824e-01
-2.037261426448822021e-01
3.935185372829437256e-01
5.035877972841262817e-02
-7.997284531593322754e-01
6.224792599678039551e-01
9.901582002639770508e-01
9.649055004119873047e-01
3.806083202362060547e-01
-2.666216194629669189e-01
-7.114061117172241211e-01
3.620114028453826904e-01
9.631144404411315918e-01
-7.425493001937866211e-01
7.487471103668212891e-01
9.258629679679870605e-01
4.024119079113006592e-01
-2.319129556417465210e-02
2.212100625038146973e-01
-2.899228930473327637e-01
4.410504698753356934e-01
5.646520853042602539e-01
-2.843913435935974121e-01
8.952915668487548828e-01
8.580074906349182129e-01
3.752021193504333496e-01
3.662965297698974609e-01
-5.413742661476135254e-01
-8.851688504219055176e-01
4.018648862838745117e-01
9.536310434341430664e-01
6.799477934837341309e-01
-7.171593904495239258e-01
7.123093605041503906e-01
4.805412888526916504e-01
8.055140972137451172e-01
-2.317637056112289429e-01
1.400143206119537354e-01
6.042710691690444946e-02
3.243305087089538574e-01
5.592114925384521484e-01
-3.952814638614654541e-01
9.607524871826171875e-01
-7.953795194625854492e-01
-3.012448251247406006e-01
9.095216989517211914e-01
-8.641675710678100586e-01
-5.074166133999824524e-02
7.460372447967529297e-01
-7.477139234542846680e-01
9.959210753440856934e-01
9.892845749855041504e-01
-8.070543408393859863e-01
8.100443482398986816e-01
6.631737351417541504e-01
9.651246666908264160e-01
7.525489926338195801e-01
9.629677534103393555e-01
-8.914981484413146973e-01
-4.120332300662994385e-01
-5.304247140884399414e-01
-2.579238414764404297e-01
-9.495910406112670898e-01
-8.131214976310729980e-01
-3.634451329708099365e-02
-6.939962506294250488e-01
4.814077019691467285e-01
9.469265937805175781e-01
-7.050802707672119141e-01
9.462770223617553711e-01
-1.908494979143142700e-01
9.172793030738830566e-01
8.598601222038269043e-01
-8.170613646507263184e-01
7.176463603973388672e-01
1.684249639511108398e-01
9.919093251228332520e-01
-8.553345203399658203e-01
-9.721145629882812500e-01
-9.774571061134338379e-01
5.749679803848266602e-01
3.783358931541442871e-01
-5.921474695205688477e-01
-9.314056038856506348e-01
-5.889291763305664062e-01
-9.752567410469055176e-01
-3.024225533008575439e-01
-6.581200361251831055e-01
9.558964967727661133e-01
-7.233945280313491821e-02
9.228467345237731934e-01
-9.134480953216552734e-01
2.744152843952178955e-01
-9.857686161994934082e-01
-4.836371243000030518e-01
5.690475702285766602e-01
9.963330030441284180e-01
5.315703153610229492e-01
-4.357361793518066406e-02
-7.459987998008728027e-01
-9.907401800155639648e-01
-6.168401241302490234e-01
-1.081693992018699646e-01
-8.501188755035400391e-01
-9.646011590957641602e-01
-8.242397308349609375e-01
-5.417099595069885254e-01
4.056167304515838623e-01
8.941405415534973145e-01
9.593591690063476562e-01
9.859178066253662109e-01
-1.874064356088638306e-01
-9.389554262161254883e-01
5.720164179801940918e-01
-8.597022294998168945e-01
-5.085825920104980469e-02
8.368883132934570312e-01
3.789480328559875488e-01
2.895537614822387695e-01
-5.131084322929382324e-01
9.256531596183776855e-01
-9.863131493330001831e-02
5.634193420410156250e-01
-6.166266202926635742e-01
-4.947893619537353516e-01
-9.825751781463623047e-01
9.875527024269104004e-01
1.990551203489303589e-01
9.922881126403808594e-01
-8.755196928977966309e-01
2.006790786981582642e-01
-3.468657433986663818e-01
8.667086362838745117e-01
1.487798243761062622e-01
-2.445452660322189331e-01
-6.285864114761352539e-02
1.303357481956481934e-01
9.400542974472045898e-01
2.819221019744873047e-01
-9.714880585670471191e-01
9.504150152206420898e-01
5.143926143646240234e-01
-8.897409439086914062e-01
-2.213590890169143677e-01
-2.378420680761337280e-01
9.560983180999755859e-01
3.870444744825363159e-02
-9.391882419586181641e-01
7.022870779037475586e-01
8.393498659133911133e-01
-4.508377909660339355e-01
-6.385418772697448730e-01
6.093915104866027832e-01
-7.282377481460571289e-01
9.216611087322235107e-02
1.335656195878982544e-01
-5.140381455421447754e-01
3.411893919110298157e-02
-9.229133725166320801e-01
-3.742114305496215820e-01
5.921684503555297852e-01
6.664898395538330078e-01
7.615395188331604004e-01
-4.972669482231140137e-01
7.763526439666748047e-01
7.288857698440551758e-01
7.923489809036254883e-01
7.918499708175659180e-01
-2.109786719083786011e-01
6.900235414505004883e-01
-9.814010262489318848e-01
-6.907283067703247070e-01
-9.260705709457397461e-01
9.973173141479492188e-01
-3.691480755805969238e-01
7.686156630516052246e-01
-1.276128143072128296e-01
5.264384746551513672e-01
-8.924211263656616211e-01
9.517433643341064453e-01
9.691084027290344238e-01
9.010254144668579102e-01
7.848896980285644531e-01
8.582749962806701660e-01
-9.005120396614074707e-01
-9.159088730812072754e-01
-1.041093096137046814e-01
-7.293477058410644531e-01
9.088338613510131836e-01
9.500941038131713867e-01
-9.606425762176513672e-01
1.648898981511592865e-02
-5.368918180465698242e-01
9.377107620239257812e-01
7.237627506256103516e-01
-3.820048272609710693e-01
9.840380549430847168e-01
-3.108995221555233002e-02
7.532280683517456055e-01
9.459569454193115234e-01
1.649389788508415222e-02
5.202843546867370605e-01
9.894610643386840820e-01
3.189409077167510986e-01
-1.923146396875381470e-01
-3.031325638294219971e-01
4.410197436809539795e-01
-7.113103866577148438e-01
-6.966025829315185547e-01
6.604142189025878906e-01
-9.952453970909118652e-01
-6.271898150444030762e-01
-7.125952243804931641e-01
-6.704293489456176758e-01
1.953963041305541992e-01
-8.983861804008483887e-01
4.464786648750305176e-01
5.211614370346069336e-01
6.483592391014099121e-01
-5.643467903137207031e-01
3.918845057487487793e-01
9.750169515609741211e-01
3.170101642608642578e-01
-7.647002935409545898e-01
-6.386624574661254883e-01
-9.628061652183532715e-01
-8.959967494010925293e-01
-3.555263876914978027e-01
-8.235231637954711914e-01
-3.103080987930297852e-01
-9.903742074966430664e-01
3.376176059246063232e-01
8.789395689964294434e-01
-6.328190565109252930e-01
-2.465852797031402588e-01
-9.294756650924682617e-01
-4.646812081336975098e-01
9.508676528930664062e-01
-8.162195086479187012e-01
7.689869403839111328e-01
-4.150054752826690674e-01
-4.410338401794433594e-01
