-8.121263980865478516e-01
-5.359695553779602051e-01
5.670335888862609863e-01
9.872060418128967285e-01
-1.638797521591186523e-01
3.461491549387574196e-03
-9.102632999420166016e-01
-9.539420604705810547e-01
5.566807985305786133e-01
-3.606956079602241516e-02
4.719651937484741211e-01
8.538831472396850586e-01
-3.838970065116882324e-01
-9.193239808082580566e-01
-1.901091784238815308e-01
-1.369997113943099976e-01
-2.536183297634124756e-01
2.736564874649047852e-01
-8.362084627151489258e-01
3.000769913196563721e-01
9.291778802871704102e-01
-8.675292134284973145e-01
7.772225141525268555e-01
6.574186086654663086e-01
6.902289390563964844e-01
-8.439786434173583984e-01
-9.644930362701416016e-01
2.288689464330673218e-01
-6.693391799926757812e-01
8.937911391258239746e-01
-5.598465204238891602e-01
-5.104159712791442871e-01
1.834564507007598877e-01
-8.616217970848083496e-01
7.066694498062133789e-01
-8.514257669448852539e-01
-4.713610112667083740e-01
-8.098939657211303711e-01
9.680079817771911621e-01
9.865841269493103027e-01
4.377503991127014160e-01
-9.122378230094909668e-01
2.281061410903930664e-01
-6.866028308868408203e-01
-3.170368671417236328e-01
-7.156137824058532715e-01
8.634607791900634766e-01
-3.569169640541076660e-01
4.677683711051940918e-01
8.062541484832763672e-01
2.474921569228172302e-02
7.774194478988647461e-01
9.321082234382629395e-01
-9.193486720323562622e-02
-4.465346932411193848e-01
-8.347324728965759277e-01
-5.139176249504089355e-01
-9.610626697540283203e-01
-7.289847135543823242e-01
-7.056319713592529297e-01
-8.254102468490600586e-01
-9.658867120742797852e-01
4.843565225601196289e-01
-7.279078364372253418e-01
-6.555522680282592773e-01
1.995205134153366089e-02
1.552976518869400024e-01
2.846839725971221924e-01
1.326137334108352661e-01
-7.608591914176940918e-01
8.856055140495300293e-01
-1.975137740373611450e-01
-9.017609357833862305e-01
-6.156854629516601562e-01
-8.719272017478942871e-01
9.194315969944000244e-02
-6.339319944381713867e-01
-2.409776300191879272e-01
-1.533830314874649048e-01
-4.345218837261199951e-01
2.649048864841461182e-01
-2.289093583822250366e-01
7.333452701568603516e-01
-1.002447083592414856e-01
-3.361682295799255371e-01
9.543622732162475586e-01
-5.422456935048103333e-02
4.578693211078643799e-01
-3.935725986957550049e-01
4.832424819469451904e-01
6.615335345268249512e-01
-4.554495960474014282e-02
7.751784324645996094e-01
6.836401820182800293e-01
-1.350665539503097534e-01
4.455704987049102783e-02
4.854623377323150635e-01
3.804369866847991943e-01
-8.170666098594665527e-01
4.864686727523803711e-01
5.617237091064453125e-01
-8.003183603286743164e-01
-3.991374075412750244e-01
-1.863811016082763672e-01
5.379966497421264648e-01
-8.663892745971679688e-01
7.865640521049499512e-02
9.056344628334045410e-01
-4.988308250904083252e-01
-3.397867679595947266e-01
5.869817137718200684e-01
1.024648398160934448e-01
7.617703080177307129e-01
2.236618697643280029e-01
-1.488681584596633911e-01
9.764425158500671387e-01
2.130481749773025513e-01
-8.719123005867004395e-01
5.067101716995239258e-01
9.019523859024047852e-01
-9.362094998359680176e-01
-1.095509231090545654e-01
8.218980431556701660e-01
-9.056425690650939941e-01
3.859976828098297119e-01
-9.529556632041931152e-01
-2.680030763149261475e-01
-4.002882838249206543e-01
-8.489439487457275391e-01
-8.745967149734497070e-01
-8.928183913230895996e-01
-6.018863916397094727e-01
3.410986363887786865e-01
-3.072697818279266357e-01
-2.811105251312255859e-01
7.582434415817260742e-01
-3.846574127674102783e-01
-7.597913742065429688e-01
-7.753757238388061523e-01
-4.124661386013031006e-01
-9.476773738861083984e-01
-9.821885824203491211e-01
3.228701949119567871e-01
-5.410521030426025391e-01
2.884094119071960449e-01
-7.558124065399169922e-01
7.834122776985168457e-01
3.638648092746734619e-01
-7.505651712417602539e-01
-8.816174268722534180e-01
8.121243715286254883e-01
8.399794101715087891e-01
5.398760437965393066e-01
-5.931023135781288147e-02
9.766961634159088135e-02
-5.746099948883056641e-01
5.846850275993347168e-01
6.693255901336669922e-01
9.110521078109741211e-01
7.683313488960266113e-01
7.104735374450683594e-01
-5.238328576087951660e-01
-7.644963860511779785e-01
-3.565218746662139893e-01
-8.380380868911743164e-01
4.252482354640960693e-01
9.320651292800903320e-01
-8.120648860931396484e-01
-3.876681625843048096e-01
7.410517930984497070e-01
3.216333687305450439e-01
9.101535677909851074e-01
-7.285350561141967773e-01
-8.586843609809875488e-01
-4.979029297828674316e-01
9.679719209671020508e-01
-8.739822506904602051e-01
-5.370950698852539062e-01
3.434826135635375977e-01
-5.992027521133422852e-01
-8.411681652069091797e-01
9.281267523765563965e-01
4.987347424030303955e-01
7.173966169357299805e-01
3.859996497631072998e-01
2.882625758647918701e-01
9.776903986930847168e-01
9.532514810562133789e-01
4.054638445377349854e-01
-5.602407455444335938e-01
-1.947837322950363159e-01
3.914608620107173920e-03
-7.661630511283874512e-01
-6.055415868759155273e-01
1.917256414890289307e-01
7.625867128372192383e-01
1.215456575155258179e-01
6.974304914474487305e-01
3.610081374645233154e-01
7.685730457305908203e-01
-6.280970573425292969e-01
6.326201558113098145e-01
-9.321261644363403320e-01
2.346734330058097839e-02
-7.823814749717712402e-01
-9.243637323379516602e-01
-6.877770423889160156e-01
1.508768368512392044e-02
3.801752328872680664e-01
-5.665562152862548828e-01
9.147944450378417969e-01
2.380162924528121948e-01
8.579255342483520508e-01
-4.229017794132232666e-01
-2.697105109691619873e-01
3.373557329177856445e-01
7.016044855117797852e-01
9.554597139358520508e-01
-6.335899829864501953e-01
7.451055049896240234e-01
9.789312481880187988e-01
-2.756733596324920654e-01
-8.355939388275146484e-01
8.807608485221862793e-01
-4.051548838615417480e-01
-7.870345711708068848e-01
8.758386373519897461e-01
-9.555112123489379883e-01
-5.209574699401855469e-01
9.109513163566589355e-01
8.150132894515991211e-01
9.113063216209411621e-01
8.184396624565124512e-01
7.794502377510070801e-01
-3.034161627292633057e-01
-7.933747172355651855e-01
-6.109903454780578613e-01
-3.660513460636138916e-01
-3.316999077796936035e-01
-1.920631080865859985e-01
5.464682579040527344e-01
-8.019232749938964844e-01
-9.531387686729431152e-01
3.191126883029937744e-01
7.751806974411010742e-01
8.895139694213867188e-01
1.401930749416351318e-01
5.698171854019165039e-01
7.569320797920227051e-01
-4.652068018913269043e-01
-5.418515205383300781e-01
-2.125841677188873291e-01
-4.134402275085449219e-01
4.277220368385314941e-01
-8.606755137443542480e-01
-5.039741396903991699e-01
